0 0 2970.8281822518793
0 1 -26.843258963348987
0 2 -0.47404804202508055
0 3 147.13009921343215
0 4 92.55836563296214
0 5 85.487191485727
0 6 1.0794941646971434
0 7 230.67610946051948
0 8 436.5926511865534
0 9 -662.1175491520397
0 10 -270.98850662139
0 11 -4.22506020655039
0 12 580.4992139071093
0 13 788.1260845441632
0 14 -5.88027417972836
0 15 600.2779494429243
0 16 12.296009377497336
0 17 -661.8132787441735
1 1 3013.7030627768204
1 2 0.488456818175505
1 3 -57.46889342865753
1 4 -38.61023330313639
1 5 24.6449765382116
1 6 -0.3676368467886357
1 7 -78.47145642934295
1 8 -228.27119259555616
1 9 -5.465769412379138
1 10 -35.02347318217489
1 11 2.4060002986671525
1 12 -345.71539913938915
1 13 194.5092049815988
1 14 -1.3697721649325192
1 15 -106.11345271156432
1 16 -4.871501216188281
1 17 509.3938489913977
2 2 2981.9374075084884
2 3 -0.8865176023393062
2 4 -0.4862556432817511
2 5 -0.3665852362621504
2 6 53.75014911097742
2 7 -0.9927966682012148
2 8 -3.572976151782263
2 9 -0.05640546250262781
2 10 2.413784105956518
2 11 -188.6595141981867
2 12 -5.4009992714547055
2 13 -4.885880334344679
2 14 -237.9368696794557
2 15 -8.096731571425929
2 16 505.8654142054139
2 17 4.243556730935478
3 3 3090.103487372682
3 4 -106.33287801641613
3 5 -80.21498670934854
3 6 -1.0176505812306729
3 7 -154.98151714341097
3 8 511.6797415028437
3 9 -35.1644936235126
3 10 -358.3873765786073
3 11 -5.581897420715201
3 12 569.4405806393938
3 13 478.43801687066843
3 14 -5.512977120378942
3 15 259.60637387275466
3 16 7.47484643758519
3 17 -94.40309914421377
4 4 661.1271891239469
4 5 64.98654825299185
4 6 0.8414644363984667
4 7 141.2639409475036
4 8 10.571271379149389
4 9 -50.54604528526198
4 10 -1.5392175812950766
4 11 -0.02747606583968567
4 12 8.97915216469733
4 13 10.172307973376721
4 14 -0.03666002626273868
4 15 25.33008520590921
4 16 0.19767416478077182
4 17 -41.74264755216027
5 5 800.6357670057596
5 6 0.13177286262844395
5 7 29.013996721879675
5 8 4.760305514644993
5 9 -24.294660535481224
5 10 -3.538785838035322
5 11 -0.016531749345420763
5 12 4.1210382745507985
5 13 23.765364823859443
5 14 -0.07568064452866212
5 15 12.833966665097085
5 16 0.1145491814814347
5 17 -15.402845511851138
6 6 790.1655844499568
6 7 0.37002989556977045
6 8 0.05042254274718461
6 9 -0.29560043437817624
6 10 -0.01021620208319244
6 11 -2.5580165391275522
6 12 0.03670518865306081
6 13 0.07141424465343181
6 14 -2.5461096891496675
6 15 0.07077433695007883
6 16 17.35853750401054
6 17 -0.19642841098702707
7 7 862.4742774629342
7 8 28.667827523474877
7 9 -83.82234988485072
7 10 -6.194040702265546
7 11 -0.11058365654074327
7 12 33.60270329499881
7 13 30.272502806497958
7 14 -0.1287186749957602
7 15 50.82702304227196
7 16 0.5460436844268177
7 17 -80.43088163035485
8 8 1715.5290714414996
8 9 348.5251416713474
8 10 -291.5077632344313
8 11 -4.512121445206099
8 12 570.7851936376342
8 13 91.72570470989123
8 14 -1.8508805281254763
8 15 115.9576703467093
8 16 1.4783553773754794
8 17 -75.25182284857718
9 9 365.0069510845762
9 10 47.396791406962215
9 11 0.7351952626218283
9 12 -95.31200244046713
9 13 -147.74705548887434
9 14 1.3252529527309103
9 15 -115.5828898069402
9 16 -2.301949653175215
9 17 113.75815357249616
10 10 1465.3929481912885
10 11 1.855890342300657
10 12 -69.79451740003977
10 13 -387.4407123126102
10 14 3.2864981686420176
10 15 -134.93038689875627
10 16 -0.7396333598927078
10 17 -153.91726359965685
11 11 1338.5175226575277
11 12 -1.145559359421882
11 13 -0.7396333598919971
11 14 174.11708100749092
11 15 2.5745657856870126
11 16 -339.0873346343421
11 17 0.3359498545337728
12 12 1582.7235197833422
12 13 253.90610300140597
12 14 -0.7396333598927078
12 15 268.8049022804018
12 16 3.9583978777107496
12 17 -417.2303703949751
13 13 835.785038565687
13 14 -1.6237137522361886
13 15 135.47072648770308
13 16 2.359694570391911
13 17 -69.60918982245799
14 14 583.460138119057
14 15 0.13592141294965687
14 16 -62.149789991374526
14 17 -0.5632772139913871
15 15 640.4983646613958
15 16 0.42178885805300737
15 17 -109.49516474404817
16 16 680.9883024615449
16 17 -2.0779042173630873
17 17 812.8327035135935
